T40_1 = [38.7 38.6 38.6 38.6 38.5 38.5 38.5 38.5 38.5 38.5 38.5 38.5 38.5 38.5 38.5 38.5 38.5 38.6 38.6 38.6 38.7 38.7 38.7 38.8 38.8 38.9 38.9 39.0 39.0 39.1 39.1 39.2 39.3 39.3 39.4 39.5 39.5 39.6 39.7 39.8 39.9 39.9 40.0 40.1 40.1 40.2 40.3 40.4 40.5 40.6 40.7 40.8 40.9 41.0 41.1 41.2 41.3 41.3 41.4 41.5 41.6 41.7 41.8 41.8 41.9 42.0 42.0 42.1 42.2 42.2 42.3 42.4 42.4 42.5 42.5 42.6 42.6 42.6 42.7 42.7 42.7 42.8 42.8 42.8 42.9 42.9 42.9 42.9 42.9 43.0 42.9 42.9 42.9 42.9 42.9 42.9 42.9 42.9 42.9 42.9 42.9 42.9 42.9 42.9 42.9 42.9 42.9 42.8 42.8 42.8 42.8 42.8 42.8 42.7 42.7 42.7 42.7 42.7 42.6 42.6 42.6 42.6 42.5 42.5 42.5 42.5 42.4 42.4 42.4 42.3 42.3 42.3 42.2 42.2 42.2 42.1 42.1 42.0 42.0 42.0 41.9 41.9 41.8 41.8 41.7 41.7 41.7 41.6 41.6 41.5 41.5 41.4 41.4 41.4 41.3 41.3 41.2 41.2 41.1 41.1 41.0 41.0 40.9 40.9 40.8 40.7 40.7 40.6 40.6 40.5 40.5 40.4 40.3 40.3 40.3 40.2 40.1 40.1 40.0 40.0 39.9 39.9 39.8 39.8 39.7 39.6 39.6 39.5 39.5 39.4 39.4 39.3 39.2 39.2 39.1 39.1 39.0 39.0 38.9 39.0 38.9 38.9 38.8 38.8 38.7 38.6 38.6 38.5 38.5 38.5 38.4 38.4 38.3 38.3 38.3 38.3 38.2 38.2 38.2 38.2 38.2 38.2 38.2 38.2 38.3 38.3 38.3 38.3 38.3 38.4 38.4 38.4 38.5 38.5 38.5 38.6 38.6 38.7 38.7 38.8 38.8 38.9 39.0 39.0 39.1 39.2 39.2 39.3 39.4 39.5 39.5 39.6 39.7 39.8 39.9 40.0 40.1 40.0 40.1 40.2 40.3 40.4 40.5 40.6 40.7 40.8 40.9 41.0 41.1 41.2 41.3 41.4 41.5 41.6 41.7 41.8 41.8 41.9 42.0 42.1 42.1 42.2 42.3 42.3 42.4 42.4 42.5 42.6 42.6 42.6 42.7 42.7 42.8 42.8 42.8 42.9 42.9 42.9 43.0 43.0 43.0 43.0 43.0 43.1 43.1 43.1 43.1 43.1 43.1 43.1 43.1 43.1 43.1 43.1 43.1 43.1 43.1 43.1 43.1 43.1 43.1 43.1 43.1 43.0 43.0 43.0 43.0 42.9 42.9 42.9 42.9 42.9 42.8 42.8 42.8 42.8 42.7 42.7 42.7 42.6 42.6 42.6 42.6 42.5 42.5 42.5 42.4 42.4 42.4 42.3 42.3 42.2 42.2 42.2 42.1 42.1 42.0 42.0 41.9 41.9 41.9 41.8 41.8 41.7 41.7 41.6 41.6 41.5 41.5 41.4 41.4 41.3 41.3 41.2 41.2 41.1 41.1 41.0 41.0 40.9 40.9 40.8 40.8 40.7 40.7 40.6 40.6 40.5 40.5 40.4 40.4 40.3 40.3 40.2 40.2 40.1 40.0 40.0 39.9 39.9 39.8 39.8 39.7 39.7 39.6 39.6 39.5 39.5 39.4 39.4 39.3 39.2 39.2 39.1 39.1 39.0 39.0 38.9 39.0 39.0 38.9 38.8 38.8 38.7 38.7 38.6 38.6 38.6 38.5 38.5 38.4 38.4 38.4 38.3 38.3 38.3 38.3 38.3 38.3 38.3 38.3 38.3 38.3 38.3 38.3 38.4 38.4 38.4 38.5 38.5 38.5 38.6 38.6 38.7 38.7 38.8 38.8 38.9 39.0 39.0 39.1 39.2 39.2 39.3 39.4 39.5 39.5 39.6 39.7 39.8 39.9 40.0 40.1 40.0 40.1];
T40_3 = [41.2 41.1 41.1 41.0 41.0 40.9 40.9 40.8 40.8 40.7 40.7 40.6 40.6 40.5 40.5 40.4 40.4 40.3 40.3 40.2 40.2 40.1 40.1 40.0 40.0 39.9 39.8 39.8 39.7 39.7 39.6 39.6 39.5 39.5 39.4 39.4 39.3 39.3 39.2 39.2 39.1 39.1 39.0 39.0 38.9 38.9 38.8 38.8 38.7 38.7 38.6 38.6 38.5 38.5 38.4 38.4 38.3 38.3 38.2 38.1 38.1 38.0 38.0 37.9 37.9 37.8 37.8 37.7 37.7 37.6 37.6 37.5 37.5 37.4 37.4 37.3 37.3 37.2 37.2 37.1 37.1 37.0 37.0 36.9 37.0 37.0 36.9 36.9 36.8 36.8 36.7 36.7 36.6 36.6 36.5 36.5 36.5 36.4 36.4 36.4 36.4 36.4 36.4 36.3 36.3 36.4 36.4 36.4 36.4 36.4 36.4 36.5 36.5 36.5 36.6 36.6 36.6 36.7 36.7 36.8 36.8 36.9 37.0 37.1 37.1 37.2 37.3 37.3 37.4 37.5 37.6 37.7 37.8 37.8 37.9 38.0 38.1 38.2 38.3 38.4 38.5 38.6 38.7 38.8 38.9 39.0 39.1 39.2 39.3 39.4 39.5 39.6 39.8 39.9 40.0 40.1 40.1 40.2 40.3 40.5 40.6 40.7 40.8 40.9 41.1 41.2 41.3 41.4 41.5 41.6 41.8 41.9 42.0 42.1 42.2 42.3 42.4 42.4 42.5 42.6 42.7 42.8 42.8 42.9 43.0 43.0 43.1 43.2 43.2 43.2 43.3 43.3 43.4 43.4 43.5 43.5 43.5 43.6 43.6 43.6 43.6 43.7 43.7 43.7 43.7 43.7 43.7 43.7 43.7 43.7 43.7 43.7 43.7 43.7 43.7 43.7 43.7 43.7 43.7 43.7 43.7 43.7 43.7 43.7 43.7 43.6 43.6 43.6 43.6 43.6 43.5 43.5 43.5 43.5 43.4 43.4 43.4 43.4 43.3 43.3 43.3 43.2 43.2 43.2 43.2 43.1 43.1 43.1 43.0 43.0 42.9 42.9 42.9 42.8 42.8 42.8 42.7 42.7 42.6 42.6 42.6 42.5 42.5 42.4 42.4 42.3 42.3 42.2 42.2 42.1 42.1 42.1 42.0 42.0 41.9 41.9 41.8 41.8 41.7 41.7 41.6 41.6 41.5 41.5 41.4 41.4 41.4 41.3 41.3 41.2 41.2 41.1 41.1 41.0 40.9 40.9 40.9 40.8 40.7 40.7 40.6 40.6 40.5 40.5 40.4 40.4 40.3 40.3 40.2 40.2 40.1 40.1 40.0 40.0 39.9 39.9 39.8 39.7 39.7 39.6 39.6 39.5 39.5 39.4 39.4 39.3 39.3 39.2 39.1 39.1 39.0 39.0 38.9 38.9 38.8 38.8 38.7 38.6 38.6 38.5 38.5 38.4 38.4 38.3 38.3 38.2 38.2 38.1 38.1 38.0 37.9 37.9 37.8 37.8 37.7 37.7 37.6 37.6 37.5 37.5 37.4 37.4 37.3 37.3 37.2 37.2 37.1 37.1 37.0 37.0 36.9 37.0 36.9 36.9 36.8 36.8 36.7 36.7 36.6 36.6 36.5 36.5 36.5 36.4 36.4 36.4 36.3 36.3 36.3 36.3 36.3 36.3 36.3 36.3 36.3 36.3 36.4 36.4 36.4 36.4 36.5 36.5 36.5 36.6 36.6 36.7 36.7 36.8 36.8 36.9 37.0 37.0 37.1 37.2 37.3 37.3 37.4 37.5 37.6 37.7 37.8 37.8 37.9 38.0 38.1 38.2 38.3 38.4 38.5 38.6 38.7 38.8 38.9 39.0 39.1 39.3 39.4 39.5 39.6 39.7 39.8 39.9 40.1 40.1 40.2 40.3 40.4 40.6 40.7 40.8 40.9 41.0 41.2 41.3 41.4 41.5 41.6 41.7 41.8 42.0 42.1 42.1 42.2 42.3 42.4 42.5 42.6 42.7 42.7 42.8 42.9 42.9 43.0 43.0 43.1 43.2 43.2 43.3 43.3 43.3 43.4 43.4 43.4 43.5 43.5 43.5 43.6 43.6 43.6 43.7 43.7 43.7 43.7 43.7 43.7 43.7 43.7 43.8 43.8 43.8 43.8 43.8 43.8 43.8 43.7 43.7 43.7 43.7 43.7 43.7 43.7 43.7 43.7 43.6 43.6 43.6 43.6 43.6 43.5 43.5 43.5 43.5 43.4 43.4 43.4 43.4 43.3 43.3 43.3 43.2 43.2 43.2 43.2 43.1 43.1 43.0 43.0 43.0 42.9 42.9 42.9 42.8 42.8 42.7 42.7 42.7 42.6 42.6 42.5 42.5 42.5 42.4 42.4 42.3 42.3 42.2 42.2 42.1 42.1 42.0 42.0 42.0 41.9 41.9 41.8 41.8 41.7 41.7 41.6 41.6 41.5 41.5 41.4 41.4 41.3 41.3 41.2 41.2 41.1 41.1 41.0 41.0 40.9 40.8 40.8 40.8 40.7 40.6 40.6 40.5 40.5 40.4 40.4 40.3 40.3 40.2 40.2 40.1 40.1 40.0 40.0 39.9 39.9 39.8 39.7 39.7 39.6 39.6 39.5 39.5 39.4 39.4 39.3 39.3 39.2 39.2 39.1 39.1 39.0 39.0 38.9 38.9 38.8 38.7 38.7 38.7 38.6 38.5 38.5 38.4 38.4 38.3 38.3 38.2 38.2 38.1 38.1 38.0 38.0 37.9 37.9 37.8 37.8 37.7 37.7 37.6 37.6 37.5 37.5 37.4 37.4 37.3 37.3 37.2 37.2 37.1 37.1 37.0 37.0 36.9 37.0 36.9 36.9 36.8 36.8 36.7];
